199 466
1
2
3
4
5
6
7
8
9
10
11
12
13
14
15
16
17
18
19
20
21
22
23
24
25
26
27
28
29
30
31
32
33
34
35
36
37
38
39
40
41
42
43
44
45
46
47
48
49
50
51
52
53
54
55
56
57
58
59
60
61
62
63
64
65
66
67
68
69
70
71
72
73
74
75
76
77
78
79
80
81
82
83
84
85
86
87
88
89
90
91
92
93
94
95
96
97
98
99
100
101
102
103
104
105
106
107
108
109
110
111
112
113
114
115
116
117
118
119
120
121
122
123
124
125
126
127
128
129
130
131
132
133
134
135
136
137
138
139
140
141
142
143
144
145
146
147
148
149
150
151
152
153
154
155
156
157
158
159
160
161
162
163
164
165
166
167
168
169
170
171
172
173
174
175
176
177
178
179
180
181
182
183
184
185
186
187
188
189
190
191
192
193
194
195
196
197
198
199
1 58 15
1 46 16
3 22 10
3 23 9
7 42 11
13 23 4
13 14 6
13 52 13
14 15 5
15 41 9
15 29 12
22 34 4
22 23 5
22 65 9
23 67 11
29 41 7
29 42 7
29 55 5
34 46 9
34 63 8
41 52 5
41 87 10
42 72 5
46 58 7
46 78 8
52 67 9
52 86 8
55 89 7
58 74 6
58 77 8
63 79 5
63 65 7
63 100 7
65 67 7
65 82 3
67 82 8
67 102 5
72 105 7
72 107 9
74 94 3
77 94 9
77 78 4
77 124 11
78 79 2
82 100 4
82 140 12
86 87 4
86 102 8
86 116 7
87 105 7
89 105 3
93 94 4
100 111 5
102 127 8
105 107 8
105 108 4
107 161 16
108 116 10
108 135 6
111 124 7
116 127 6
116 142 8
122 144 8
122 123 8
123 144 16
123 165 9
123 124 5
124 153 8
127 133 5
128 199 14
128 187 10
133 140 5
133 157 6
135 128 7
135 161 8
140 154 5
140 156 6
142 157 10
142 128 4
144 163 5
153 154 6
153 180 9
153 184 12
154 156 6
156 157 3
156 184 6
157 185 8
161 128 9
161 199 14
163 176 7
163 191 7
165 191 8
165 180 2
176 190 9
180 184 16
180 190 13
184 185 4
185 187 9
185 199 18
187 199 10
190 191 6
1 8 4
1 9 5
2 20 9
2 10 8
3 11 4
3 12 5
3 4 5
4 13 5
5 15 5
5 16 4
6 29 6
6 7 6
7 17 6
8 18 3
8 19 3
9 19 4
9 20 3
10 11 3
10 21 6
10 34 6
11 22 5
12 23 3
13 23 4
13 14 6
13 24 4
14 15 5
14 25 5
15 16 7
15 26 2
15 28 5
16 28 3
16 29 5
17 29 6
17 30 4
18 31 2
18 43 5
19 32 4
20 33 4
21 33 3
22 34 4
22 23 5
22 35 3
23 37 3
24 37 6
24 38 3
25 38 2
25 39 2
26 39 5
26 27 2
27 28 2
27 40 4
28 41 4
29 41 7
29 42 7
30 42 4
31 43 4
31 44 5
32 44 4
32 33 5
32 45 4
33 46 3
34 47 4
34 48 3
35 36 2
35 48 4
35 65 6
36 37 4
36 49 3
37 50 4
38 50 5
38 51 2
39 51 3
39 52 3
40 52 2
40 41 2
40 53 2
41 54 2
42 56 4
42 72 5
43 57 4
44 58 2
45 58 3
45 60 2
45 59 3
45 46 4
46 47 4
46 61 4
47 62 5
48 62 6
48 63 4
49 50 4
49 66 2
51 67 5
51 52 3
51 68 3
52 69 3
53 54 2
53 69 2
54 55 6
54 70 3
55 71 3
56 91 5
57 58 5
57 73 2
58 59 2
58 74 6
58 75 3
59 75 3
59 76 2
60 61 4
60 76 2
61 62 2
61 76 5
61 78 3
62 79 3
63 64 3
63 80 2
63 79 5
64 65 3
64 81 5
65 66 2
65 82 3
66 67 5
66 82 4
67 68 5
67 84 3
68 69 4
68 85 3
69 86 4
70 71 5
70 87 4
71 72 4
71 89 4
72 91 4
72 90 4
73 74 3
73 92 4
74 92 4
74 75 3
75 94 4
76 77 3
77 78 4
77 95 7
77 96 4
78 79 2
78 97 3
79 98 3
80 99 2
80 100 4
81 82 2
81 100 2
82 101 2
83 101 4
83 102 3
84 85 2
85 103 1
86 103 4
86 104 2
87 88 1
88 117 7
88 89 3
89 105 3
90 105 3
90 91 5
91 105 7
91 107 5
92 93 1
93 94 4
94 95 2
95 122 10
96 97 2
96 109 4
97 98 2
97 109 4
98 99 3
98 110 3
99 110 2
99 112 3
100 101 4
100 112 3
100 113 3
101 114 3
102 103 4
102 115 3
104 116 4
105 106 4
105 108 4
106 107 3
107 119 6
108 117 4
108 119 7
109 110 5
109 124 3
110 111 2
111 112 1
111 124 7
112 125 3
113 114 4
113 125 3
114 115 5
114 126 2
114 131 8
114 132 3
115 127 6
115 126 4
116 117 6
116 118 3
116 127 6
117 129 2
118 129 5
118 134 3
118 142 5
119 136 5
120 121 2
120 144 6
121 122 3
121 145 6
122 123 8
122 146 6
123 124 5
123 137 3
123 148 6
123 149 5
124 130 7
124 138 3
125 131 1
126 127 6
126 140 6
127 133 5
127 134 3
128 188 8
129 135 2
129 142 6
129 143 3
130 131 2
130 139 2
132 140 3
133 141 2
133 140 5
134 141 3
134 142 4
135 136 9
135 143 3
135 161 8
136 162 4
137 147 4
138 150 3
138 152 2
139 140 8
139 154 4
139 153 4
140 154 5
140 156 6
141 142 6
141 158 3
142 143 5
142 128 4
142 158 4
143 128 4
143 160 5
144 145 2
144 177 4
145 146 3
146 147 3
146 163 1
147 164 2
148 149 3
148 164 4
149 150 3
149 165 4
150 151 2
151 152 3
151 165 5
151 166 3
152 153 2
153 154 6
153 166 2
153 167 5
154 155 3
155 167 4
155 168 3
155 156 4
156 157 3
156 169 3
157 158 6
157 170 2
158 159 7
159 170 7
159 172 5
159 186 4
159 198 6
160 161 5
160 173 5
160 128 3
161 174 4
162 175 6
163 177 4
164 178 2
164 179 5
165 179 3
165 180 2
166 181 4
166 183 4
167 168 2
167 183 2
168 184 3
169 184 3
170 185 6
171 173 5
171 175 8
171 199 5
172 187 5
172 128 4
173 174 6
173 188 4
174 175 4
176 177 3
176 189 5
178 189 7
178 191 4
179 191 4
180 181 3
180 193 3
181 193 3
181 182 1
182 183 4
182 195 4
183 196 3
184 196 5
184 185 4
184 197 5
185 186 4
186 198 5
187 188 7
187 198 4
188 199 5
189 190 3
190 191 6
190 192 5
191 192 4
192 194 11
193 194 1
194 195 2
195 197 5
196 197 2
198 199 10
1 46 16
13 46 23
13 67 12
13 89 27
46 74 13
46 79 8
67 79 19
67 111 17
67 89 19
79 93 21
79 111 8
89 140 26
89 128 19
111 153 11
111 163 24
128 185 17
140 153 12
140 128 17
153 163 19
153 185 16
